2271290
2268999
2272819
2264113
2281056
2265685
2274127
2273598
2272544
2249007
2279736
2277310
1366856
2272782
2265417
2235945
2269978
2266942
2265215
2266583
2269179
2266101
2265454
2265690
2268082
2271921
2273945
2272538
2272690
2279443
1368626
2271201
2272717
2272915
2263686
2273257
2272443
2274226
2271032
2274547
2276008
2280459
2273935
2272163
2274780
2277776
2266908
2271235
2272682
1661008
2273376
2263974
2269919
2267418
2280895
2267574
2273600
2271500
2272359
2269152
2277567
2272155
2273442